100 40
0 174 335 332 494 189 461 301 474 279 321 359 156 372 162 141 477 333 234 124 437 431 204 271 217 258 493 204 191 172 196 277 289 420 309 207 306 336 384 241 292 182 432 426 163 192 102 408 302 175 496 389 183 198 185 113 440 221 329 426 298 164 419 383 487 126 411 226 467 416 496 359 465 248 453 402 273 370 449 275 377 285 347 305 489 131 151 253 433 322 229 222 461 465 323 492 362 352 398 230 175 129 446 399 267 184 127 485 240 461 456 161 467 125 500 404 212 258 368 418 210 433 483 472 390 282 270 333 106 453 158 343 198 368 160 468 404 207 122 299 471 153 305 447 465 177 416 437 429 344 379 119 458 327 182 125 342 486 124 201 227 180 148 119 171 208 428 146 162 228 134 452 475 305 118 376 318 342 330 275 456 332 368 199 410 396 228 313 174 206 311 139 406 237 305 233 463 148 197 216 124
174 0 299 238 101 238 255 119 113 385 250 218 306 104 434 140 212 252 429 429 471 420 111 144 399 280 265 444 327 117 472 494 194 142 111 454 416 280 383 173 181 456 101 449 476 106 460 263 359 302 189 294 295 472 328 200 208 182 407 395 381 238 137 420 334 424 482 169 323 399 399 358 156 433 254 164 156 396 415 214 124 301 334 320 462 279 144 135 123 326 313 110 389 179 346 154 452 145 250 420 444 148 384 390 175 171 488 383 399 175 187 283 477 389 294 466 473 153 430 348 265 159 444 341 244 216 478 493 499 278 217 117 107 215 359 157 380 145 164 340 423 126 477 344 279 361 344 204 352 124 443 359 401 231 115 409 368 368 492 154 452 194 120 396 462 219 337 455 105 158 214 287 264 161 421 253 153 256 256 456 324 417 198 266 145 180 275 405 492 431 416 178 198 464 316 141 144 261 409 204 260
335 299 0 237 178 441 156 327 487 108 204 365 183 341 480 406 436 121 377 326 279 103 142 354 131 317 295 179 199 323 192 204 236 229 211 250 304 300 233 270 114 472 236 223 365 190 126 438 312 147 468 280 161 186 415 341 289 209 496 438 365 222 306 111 338 272 120 235 355 405 125 138 282 121 435 232 497 397 334 394 416 469 247 373 303 286 266 180 164 477 194 274 352 496 304 416 309 226 491 355 481 149 371 208 190 139 225 141 109 415 243 347 212 271 308 453 123 404 239 343 276 453 275 464 456 137 360 247 413 481 181 291 258 219 306 322 120 102 237 141 374 468 484 456 150 241 421 316 345 372 242 478 494 420 383 450 121 353 450 422 259 193 144 146 491 351 414 434 423 206 371 143 273 413 463 179 307 359 120 302 269 308 190 388 322 226 451 482 408 448 141 330 288 100 247 316 104 330 467 407 247
332 238 237 0 201 329 350 425 465 370 164 342 172 205 428 246 299 104 112 305 156 494 427 475 395 224 173 490 486 222 342 188 309 258 251 368 298 296 299 394 464 498 446 342 159 385 392 498 171 116 361 482 129 110 360 319 298 295 213 110 158 138 214 443 294 236 258 365 479 183 415 344 414 485 383 287 441 278 279 308 242 137 316 218 298 100 248 377 117 425 290 488 463 436 444 345 310 230 324 170 459 353 419 489 404 283 249 105 139 300 162 367 304 207 438 182 238 125 120 461 147 370 453 485 330 276 113 278 402 445 203 435 269 482 225 394 251 365 418 246 261 430 264 260 235 152 180 441 259 326 359 424 219 219 223 272 175 303 341 339 172 306 280 437 188 471 424 224 417 217 466 245 245 348 253 387 425 402 243 396 273 115 295 418 297 387 318 346 245 364 308 469 476 114 463 368 307 472 172 268 404
494 101 178 201 0 241 278 291 318 160 396 193 478 164 462 160 141 339 179 202 187 131 386 464 488 381 347 332 462 427 403 256 136 302 150 271 352 429 326 334 486 396 249 381 473 391 123 391 499 472 175 135 112 480 332 392 142 479 262 108 393 117 447 378 383 483 153 368 497 150 146 277 323 470 381 152 249 101 413 273 111 333 484 192 474 125 461 489 314 131 478 429 432 477 376 423 380 273 489 232 480 483 355 147 126 472 333 344 413 441 228 463 219 299 119 383 303 485 389 105 152 243 194 452 298 100 195 312 182 440 391 208 259 212 136 172 422 360 130 381 270 151 401 463 399 247 416 430 481 198 150 455 304 398 269 492 126 276 305 118 446 357 404 450 474 459 261 213 483 274 478 254 385 187 132 381 430 338 292 159 102 117 268 440 473 466 371 237 385 495 484 431 365 475 429 360 381 184 333 124 444
189 238 441 329 241 0 186 148 392 108 288 387 112 253 370 351 452 196 422 130 284 213 467 476 209 330 155 158 335 420 118 350 180 319 336 327 456 317 348 401 485 446 230 447 353 133 228 289 297 197 152 376 207 136 450 366 115 268 197 124 409 304 352 420 364 120 232 488 280 403 287 140 140 118 261 439 189 346 107 391 349 242 149 439 447 327 109 421 293 200 372 132 425 244 177 405 154 478 409 462 329 417 225 101 386 427 458 148 399 261 410 107 323 194 451 451 251 486 452 220 401 119 237 299 261 110 192 250 279 249 452 392 234 349 305 428 286 167 360 141 227 469 265 317 349 430 151 105 190 423 172 377 190 132 119 221 153 418 463 451 301 364 344 482 410 383 244 444 474 355 165 433 295 302 369 148 421 112 206 252 310 185 136 285 296 196 222 483 268 183 408 197 266 422 254 187 263 315 332 163 330
461 255 156 350 278 186 0 348 307 312 185 199 342 133 277 204 480 315 348 354 431 166 397 126 376 378 491 377 233 364 415 467 103 439 192 479 357 363 410 370 439 385 444 496 140 165 105 327 443 465 244 327 403 325 263 212 237 399 255 232 175 483 406 399 467 460 371 145 221 462 153 293 405 473 173 158 168 384 337 190 425 249 157 238 245 126 191 377 369 458 138 409 479 462 385 441 212 385 483 310 369 490 281 145 373 239 221 387 301 334 357 420 388 353 155 105 186 102 228 440 224 428 227 110 283 198 422 267 163 127 481 240 194 420 333 340 397 223 258 194 155 205 139 493 198 455 211 255 187 225 328 184 117 419 144 149 209 342 309 128 250 488 382 498 196 404 154 215 126 345 123 120 409 324 342 406 467 209 341 125 171 182 381 199 202 499 257 175 144 149 368 266 495 326 304 487 476 466 264 490 386
301 119 327 425 291 148 348 0 218 365 414 216 310 437 500 297 146 473 356 450 316 267 215 125 278 371 472 184 204 363 208 119 122 152 323 241 438 453 207 192 135 476 359 238 240 444 202 127 248 492 434 205 159 434 334 104 437 414 307 346 112 366 255 230 274 457 123 315 494 321 168 338 269 250 463 240 386 289 116 420 245 440 252 295 430 362 333 106 192 325 284 336 253 172 324 388 159 173 494 295 248 165 228 283 389 144 167 389 116 406 171 458 257 478 158 320 307 200 477 322 221 118 197 231 428 159 155 262 396 345 493 357 245 146 391 415 152 235 241 480 452 376 252 147 240 134 223 115 118 125 441 268 215 303 243 448 423 207 414 398 449 407 358 130 130 491 495 365 202 254 457 394 387 346 482 401 246 172 492 474 319 351 459 264 228 258 120 490 492 428 226 155 351 161 278 245 146 128 289 424 213
474 113 487 465 318 392 307 218 0 348 468 193 395 193 318 234 320 452 110 129 128 238 297 410 122 213 452 388 125 495 489 297 447 286 187 394 161 227 125 430 486 363 461 236 397 411 474 413 472 132 474 495 144 219 345 236 300 353 126 215 475 262 224 243 444 261 227 498 278 382 326 126 355 423 319 329 287 490 281 269 447 417 482 188 454 339 393 468 449 196 431 253 346 263 231 454 123 448 472 178 252 175 277 472 121 123 142 443 485 325 308 487 294 176 358 158 478 178 359 441 417 390 122 186 377 460 206 323 379 325 187 330 181 139 446 358 447 241 259 244 277 123 272 197 268 405 235 104 416 198 249 310 476 176 236 204 121 311 212 120 251 105 185 338 374 407 463 427 386 369 418 490 125 155 263 323 190 248 206 380 462 475 413 377 111 483 494 128 157 213 476 209 128 157 171 249 141 322 261 322 153
279 385 108 370 160 108 312 365 348 0 184 385 195 420 170 239 199 288 441 106 137 349 453 487 479 427 283 273 258 307 494 413 228 154 316 299 233 123 148 252 104 186 383 150 376 174 252 467 410 355 482 201 425 447 259 337 293 132 153 405 237 419 127 191 315 471 313 104 433 224 195 289 426 218 331 325 169 217 270 291 162 320 335 467 428 425 429 356 407 306 112 404 120 178 470 138 242 285 253 461 132 154 171 324 422 117 343 468 407 451 166 254 212 133 483 250 388 475 371 459 490 443 122 449 430 169 215 369 242 358 323 314 373 282 106 355 141 415 418 281 477 153 414 103 235 455 196 435 431 423 153 211 436 225 317 490 377 278 476 297 161 361 333 307 151 451 312 484 353 210 410 289 272 255 500 395 261 104 389 199 239 453 259 203 475 300 202 473 445 470 150 369 207 301 199 123 202 483 246 357 375
321 250 204 164 396 288 185 414 468 184 0 134 165 191 362 149 251 470 291 286 202 153 385 346 479 226 154 105 429 336 413 254 488 471 373 117 305 364 270 137 433 183 220 483 389 443 322 445 342 423 440 390 282 224 162 321 440 303 462 303 285 325 116 368 300 154 452 267 428 202 379 447 275 372 468 346 390 432 456 121 271 237 103 248 272 108 376 132 462 116 280 224 431 402 172 156 217 320 383 409 288 108 470 321 231 329 309 174 482 466 263 152 199 449 121 451 117 274 375 165 297 408 351 201 110 182 304 295 476 318 145 121 100 281 260 493 149 367 286 303 456 444 395 195 357 162 403 125 150 162 198 402 451 207 192 237 312 225 127 182 240 361 229 321 106 299 456 263 440 266 216 283 420 294 255 240 273 492 189 482 240 407 400 148 245 250 398 289 307 452 470 250 441 143 482 428 348 297 245 415 173
359 218 365 342 193 387 199 216 193 385 134 0 308 490 412 294 314 147 204 325 199 254 107 143 273 453 224 184 246 339 132 254 279 332 128 490 494 428 451 134 179 280 249 196 311 297 262 126 148 383 169 165 367 187 465 143 427 394 271 140 264 120 183 202 257 411 352 126 461 344 448 433 192 359 155 389 168 418 344 161 150 447 109 142 122 241 280 335 117 194 153 430 364 386 169 371 378 479 125 349 170 256 254 308 429 260 305 355 415 180 259 117 337 374 300 393 463 451 224 461 439 184 122 101 352 478 474 375 435 231 485 321 397 361 482 442 358 440 143 213 145 169 417 428 469 238 441 431 377 385 455 163 208 172 114 158 418 429 103 348 369 248 211 153 354 334 416 366 341 267 470 395 412 196 372 136 446 199 405 486 174 208 235 126 422 288 361 426 329 248 281 189 334 379 424 160 458 453 107 302 233
156 306 183 172 478 112 342 310 395 195 165 308 0 491 109 441 484 326 252 185 335 477 330 148 497 134 288 500 115 270 426 144 402 344 128 434 364 129 303 416 222 173 380 296 380 294 334 491 100 259 116 493 492 273 262 334 100 457 168 116 311 137 267 277 362 407 149 471 338 122 409 312 350 396 340 236 317 156 156 356 433 221 365 480 115 319 262 327 359 305 109 457 175 403 488 489 344 218 178 213 225 137 459 379 424 376 279 379 209 422 313 108 417 334 441 223 175 236 410 268 360 200 307 158 146 452 417 404 434 259 277 209 226 169 463 312 170 333 336 127 125 464 201 416 118 170 248 455 235 439 337 480 172 354 265 432 446 346 386 286 236 495 233 498 236 271 182 124 284 238 166 175 217 397 336 412 281 161 287 199 405 340 298 172 430 421 118 179 434 209 124 164 316 312 356 397 277 242 292 207 500
372 104 341 205 164 253 133 437 193 420 191 490 491 0 439 417 497 407 265 222 207 364 226 445 475 312 393 263 379 345 231 413 143 326 277 394 402 196 448 398 368 396 269 405 425 116 240 460 470 394 310 396 202 244 243 101 299 224 238 238 325 229 280 266 318 272 335 454 354 470 328 398 396 295 148 381 480 454 153 111 433 238 208 308 383 443 212 191 262 190 360 435 460 127 355 209 203 406 169 115 407 362 404 300 316 150 343 175 217 345 303 387 489 439 285 414 363 468 173 338 420 252 422 445 248 347 322 224 495 389 308 293 182 377 428 391 349 202 477 327 498 270 213 202 271 384 238 324 280 103 161 185 470 238 247 361 218 364 109 125 280 340 397 234 391 204 154 377 450 222 472 159 231 182 169 367 489 103 179 494 393 218 216 458 436 287 465 232 363 170 375 307 113 491 401 368 176 399 472 407 352
162 434 480 428 462 370 277 500 318 170 362 412 109 439 0 112 347 381 489 417 188 223 467 214 479 258 189 215 495 245 189 270 169 498 412 125 433 240 384 291 417 394 358 327 428 346 434 485 478 464 418 401 395 168 446 265 234 430 436 178 274 259 453 161 239 421 115 172 225 452 217 106 346 321 226 148 229 491 327 426 270 490 326 273 308 382 228 119 150 497 118 481 105 492 186 273 291 407 369 478 127 127 120 183 107 400 491 417 445 416 295 456 365 227 154 195 230 431 198 414 493 474 249 127 337 239 104 267 233 168 366 463 155 288 241 264 116 421 452 276 331 446 350 449 119 346 303 160 447 427 282 348 225 375 200 369 500 299 108 235 378 417 388 268 483 166 375 411 338 323 399 204 198 494 222 131 345 330 149 442 411 298 338 305 237 476 498 122 201 199 227 246 158 337 214 139 250 437 187 141 238
141 140 406 246 160 351 204 297 234 239 149 294 441 417 112 0 338 343 214 161 146 302 484 421 428 145 457 205 115 414 420 339 415 145 102 321 224 420 180 460 467 376 322 229 427 272 160 101 175 435 160 307 471 473 353 478 153 487 221 207 216 383 355 336 489 195 264 169 489 151 148 111 464 447 389 410 493 452 413 482 202 163 402 285 241 206 385 471 481 344 111 146 405 128 217 423 201 250 293 483 364 275 442 154 319 388 445 251 432 381 334 263 230 428 474 158 333 121 471 269 468 221 464 106 187 480 158 373 257 236 100 179 205 166 193 488 253 427 286 266 172 285 291 156 284 154 424 317 271 279 307 157 295 127 358 139 269 326 416 388 304 355 132 462 419 345 220 329 260 321 194 428 421 421 365 204 472 410 450 130 456 356 304 284 152 267 158 263 386 383 411 385 286 424 371 363 100 234 296 353 319
477 212 436 299 141 452 480 146 320 199 251 314 484 497 347 338 0 419 195 277 213 411 377 478 338 457 371 218 322 424 193 283 262 252 187 116 405 316 110 379 140 224 188 114 445 302 333 367 375 332 493 244 333 275 425 226 494 466 275 163 263 401 280 261 307 111 465 125 298 348 269 156 442 125 447 384 287 268 192 243 370 142 400 400 295 362 415 179 476 195 184 440 170 448 368 251 398 292 157 306 232 241 497 338 120 128 227 162 234 133 146 464 460 115 422 205 116 463 332 185 321 489 241 241 396 336 239 307 342 289 119 359 412 258 414 370 229 160 346 472 492 172 297 298 480 487 128 460 168 282 206 127 176 357 179 484 128 363 239 303 474 408 215 448 233 232 397 423 244 240 286 428 124 282 457 139 145 266 456 485 164 221 151 302 439 182 493 128 261 229 400 484 261 421 332 230 357 329 288 433 168
333 252 121 104 339 196 315 473 452 288 470 147 326 407 381 343 419 0 309 285 347 455 381 355 250 485 142 217 231 473 341 411 120 159 345 283 265 318 407 348 436 118 378 370 407 142 470 428 493 460 304 350 357 434 112 104 266 414 413 161 286 257 169 226 471 480 417 153 265 375 213 440 383 350 304 355 279 251 187 436 257 496 299 405 200 144 225 317 496 115 424 274 164 402 121 281 325 245 215 348 327 431 489 107 326 451 397 456 238 277 159 238 439 229 475 381 119 210 419 175 105 342 174 327 344 368 460 154 163 254 168 244 123 216 198 166 319 213 138 251 202 256 316 141 460 232 447 456 376 241 451 227 251 453 141 463 178 212 274 443 301 322 294 270 286 211 431 466 432 212 357 322 134 349 411 429 295 432 330 224 372 476 438 498 433 158 327 117 111 407 422 300 252 438 152 462 259 343 119 458 160
234 429 377 112 179 422 348 356 110 441 291 204 252 265 489 214 195 309 0 425 199 286 247 145 339 341 328 162 339 185 331 355 301 417 268 219 333 202 379 210 425 160 432 265 196 130 137 150 378 136 353 436 343 280 344 241 379 179 281 454 470 371 360 243 102 342 215 176 173 181 366 340 450 473 274 165 260 189 301 357 293 238 386 170 408 301 160 319 194 474 119 162 192 381 242 463 112 474 383 121 333 180 144 207 397 327 428 464 342 314 487 338 494 236 184 120 383 356 227 169 347 108 130 113 312 251 234 434 261 380 363 236 180 304 276 328 347 119 396 328 431 146 199 155 486 267 185 258 125 141 148 480 490 494 491 421 240 353 305 268 238 456 262 380 280 469 133 219 126 477 228 497 107 420 487 487 284 262 475 168 371 441 130 440 450 224 493 166 226 146 401 111 410 115 172 432 295 476 176 298 243
124 429 326 305 202 130 354 450 129 106 286 325 185 222 417 161 277 285 425 0 352 327 137 177 388 412 399 396 444 173 251 202 325 468 374 430 462 152 279 441 165 226 259 263 426 148 494 500 479 127 287 411 500 421 343 306 172 247 324 280 127 216 426 225 148 304 196 140 300 134 281 493 119 284 279 260 427 346 282 226 380 199 455 273 369 421 121 178 113 233 354 178 389 198 272 282 153 214 259 234 329 100 453 374 360 128 351 158 335 292 374 284 275 196 188 309 315 488 230 200 465 245 483 338 131 353 275 118 370 376 402 202 204 190 454 189 471 407 307 422 444 169 319 220 179 282 270 144 442 191 317 406 322 204 469 295 260 150 408 464 444 166 171 257 176 146 210 207 266 446 447 475 135 476 254 203 377 371 260 246 333 247 244 242 374 380 405 261 138 188 189 241 334 119 104 324 288 247 500 164 212
437 471 279 156 187 284 431 316 128 137 202 199 335 207 188 146 213 347 199 352 0 469 145 204 303 185 466 423 439 374 397 275 262 166 175 288 249 350 292 239 496 181 393 314 222 268 447 112 407 435 128 113 220 188 315 238 426 391 227 301 211 425 313 276 236 232 247 242 295 175 233 207 172 291 199 329 372 405 298 168 296 344 409 454 231 499 302 226 201 122 113 203 256 344 118 487 377 206 297 154 493 165 159 151 368 405 488 460 181 353 406 196 138 336 423 399 200 434 134 305 491 264 278 383 465 266 240 435 168 186 405 137 218 196 253 357 426 328 326 412 426 199 193 172 451 346 317 359 117 284 201 352 420 273 452 198 284 213 149 464 357 168 455 318 380 275 327 304 296 125 241 316 297 426 424 298 469 233 255 249 299 449 292 447 392 127 435 170 484 156 145 416 150 227 160 188 468 347 477 112 282
431 420 103 494 131 213 166 267 238 349 153 254 477 364 223 302 411 455 286 327 469 0 438 188 270 283 288 226 315 105 223 152 130 494 218 247 235 241 162 347 309 489 408 287 411 146 371 182 300 291 248 456 492 454 317 398 241 225 448 215 165 323 342 333 283 145 366 446 207 276 415 422 340 162 266 479 267 190 447 197 245 123 258 457 434 480 417 404 350 440 227 269 417 170 420 336 125 120 110 447 274 415 339 113 453 430 473 485 464 192 168 302 191 235 104 434 422 142 154 499 467 211 102 363 300 490 225 139 420 393 433 409 433 181 411 362 173 229 357 290 391 237 304 378 246 273 354 353 182 342 242 500 405 460 179 441 406 373 205 355 168 181 233 224 292 141 144 335 180 411 349 107 148 483 493 457 254 153 248 266 345 491 498 216 244 119 431 277 326 172 360 284 345 194 316 330 432 496 274 425 500
204 111 142 427 386 467 397 215 297 453 385 107 330 226 467 484 377 381 247 137 145 438 0 421 152 401 208 491 442 304 124 287 468 353 210 231 382 418 130 473 431 463 495 269 185 181 408 177 301 473 187 412 382 425 331 318 468 228 261 442 461 494 486 473 491 446 295 162 275 260 469 381 427 367 272 259 184 475 274 354 378 339 331 465 327 447 164 257 456 125 448 460 327 220 394 212 319 230 482 349 354 430 497 413 455 261 211 104 143 245 473 106 268 178 434 449 403 129 270 194 418 164 150 195 385 203 317 330 320 399 499 490 287 447 119 447 263 243 346 234 160 140 128 434 444 433 346 437 234 441 350 130 335 231 254 312 463 450 495 308 409 437 325 324 260 231 416 403 160 402 352 365 434 293 276 280 448 247 253 362 467 162 358 167 223 330 476 379 423 175 327 359 257 168 274 462 360 194 458 110 212
271 144 354 475 464 476 126 125 410 487 346 143 148 445 214 421 478 355 145 177 204 188 421 0 154 481 193 199 376 244 226 248 150 162 320 437 285 120 498 445 118 413 129 405 394 417 299 387 137 189 146 312 463 408 182 252 120 114 320 417 393 154 109 173 471 361 450 330 324 132 151 436 112 147 398 274 312 315 321 282 129 411 370 147 430 342 220 306 199 485 499 366 124 362 192 115 242 449 412 498 303 267 376 208 342 220 400 291 202 225 490 149 298 240 115 422 328 282 176 252 196 350 132 159 325 361 428 333 233 252 153 136 438 298 245 349 219 287 128 249 422 346 200 114 217 473 141 146 449 288 270 137 441 250 107 313 119 316 459 421 183 133 475 268 124 344 129 331 219 129 463 149 349 436 290 452 426 228 130 178 112 262 267 292 437 232 201 286 444 402 304 370 389 428 397 428 268 343 328 220 419
217 399 131 395 488 209 376 278 122 479 479 273 497 475 479 428 338 250 339 388 303 270 152 154 0 142 323 279 140 268 312 200 129 357 196 440 284 381 336 321 165 424 419 426 131 201 444 377 352 235 203 410 486 104 161 209 430 129 476 474 176 197 236 233 131 344 439 335 500 377 105 475 158 253 199 153 118 131 383 272 474 120 179 477 144 442 292 111 213 122 360 259 397 380 247 491 143 338 403 376 166 283 391 143 351 275 261 379 480 355 436 453 402 359 239 349 228 414 459 374 473 150 479 278 203 436 344 155 203 395 105 236 281 335 173 233 162 281 215 352 307 147 163 293 264 452 387 232 292 274 151 292 228 154 393 177 388 477 213 173 480 480 459 450 500 279 188 217 263 173 133 209 171 279 224 144 246 180 197 172 459 407 446 444 276 195 398 191 412 157 376 239 353 315 323 265 384 231 263 406 287
258 280 317 224 381 330 378 371 213 427 226 453 134 312 258 145 457 485 341 412 185 283 401 481 142 0 473 139 285 276 318 149 457 188 165 203 200 249 358 181 301 232 135 114 397 128 354 164 438 395 133 290 450 410 211 324 187 425 457 117 411 298 217 247 116 243 493 249 475 216 181 105 307 442 449 355 496 242 299 109 413 149 306 394 106 264 147 202 108 418 226 269 360 309 110 213 314 325 202 429 419 308 197 381 474 135 165 368 432 310 431 383 209 333 441 471 398 103 300 206 467 375 365 487 253 216 296 127 446 284 352 373 155 142 387 495 381 437 201 335 426 345 325 209 120 435 372 366 201 194 380 166 191 374 285 193 241 287 252 278 310 118 343 470 490 111 185 476 346 328 138 421 283 121 329 380 182 263 381 253 368 450 324 335 259 471 110 312 188 407 383 294 461 115 433 314 187 390 377 378 190
493 265 295 173 347 155 491 472 452 283 154 224 288 393 189 457 371 142 328 399 466 288 208 193 323 473 0 301 479 393 348 458 121 100 337 101 393 204 362 196 267 476 463 497 336 140 244 131 187 106 187 190 309 131 498 195 347 340 407 298 362 318 209 251 321 418 320 267 452 188 388 404 485 463 284 465 469 228 235 412 201 380 133 170 285 354 382 206 296 491 224 429 248 163 500 246 133 160 113 193 404 135 163 101 157 202 445 156 177 444 355 199 432 358 313 454 328 312 184 301 257 247 240 323 100 158 257 131 443 344 360 338 249 168 283 211 311 257 303 109 290 234 479 465 466 289 336 413 448 189 464 251 426 194 185 277 460 280 474 137 104 306 234 387 410 228 354 383 363 481 220 292 464 316 299 468 312 221 381 135 291 476 262 300 198 346 241 461 187 121 394 312 381 420 208 164 395 126 191 406 233
204 444 179 490 332 158 377 184 388 273 105 184 500 263 215 205 218 217 162 396 423 226 491 199 279 139 301 0 385 186 310 235 354 149 361 313 159 153 477 226 340 298 162 382 334 383 300 273 383 135 103 185 346 104 182 295 319 329 357 244 214 198 437 309 444 353 258 226 446 282 333 476 181 235 382 387 110 317 211 308 277 219 478 416 202 427 432 253 182 230 214 219 370 275 372 293 130 445 107 440 431 467 405 266 382 434 409 110 389 198 179 358 265 170 238 145 386 195 334 446 461 439 133 160 418 358 444 399 335 219 201 172 426 279 297 463 389 320 195 345 191 438 370 498 451 192 271 415 341 251 341 249 145 247 379 458 118 107 488 430 189 187 412 315 290 492 168 410 124 237 106 227 371 447 477 447 372 340 362 164 254 357 339 453 400 274 465 361 398 182 134 326 416 174 304 422 368 497 176 344 212
191 327 199 486 462 335 233 204 125 258 429 246 115 379 495 115 322 231 339 444 439 315 442 376 140 285 479 385 0 394 359 494 479 217 305 280 319 256 279 379 183 368 260 453 214 307 442 440 150 151 413 222 425 272 192 168 194 340 497 438 128 420 174 231 286 323 359 398 206 467 482 438 480 184 283 396 430 461 492 206 149 189 157 446 289 308 255 263 120 382 116 305 234 196 240 307 175 448 200 206 113 337 474 258 406 124 477 400 163 114 387 292 432 274 130 234 483 111 440 199 491 422 125 216 499 300 386 130 251 353 177 253 214 278 280 295 287 139 112 252 347 499 178 436 455 443 296 229 144 246 137 418 454 413 116 354 118 225 179 342 317 346 488 178 224 242 159 412 363 410 158 161 342 402 185 330 313 223 427 105 250 459 105 123 500 487 498 436 214 320 211 312 350 320 270 229 378 208 262 300 269
172 117 323 222 427 420 364 363 495 307 336 339 270 345 245 414 424 473 185 173 374 105 304 244 268 276 393 186 394 0 449 482 352 383 262 308 329 324 317 400 417 181 297 161 226 461 140 267 170 232 284 235 398 364 191 189 206 439 241 371 221 101 198 271 287 217 435 348 165 400 320 316 172 156 406 367 150 254 147 244 215 179 224 227 362 246 270 234 323 463 272 160 472 279 143 258 239 151 137 362 191 178 360 476 373 297 122 350 435 229 152 310 280 399 423 487 386 253 237 284 411 476 374 167 479 418 116 180 303 376 154 127 201 146 101 192 257 408 413 462 394 104 150 263 234 495 385 430 328 257 400 101 475 243 455 395 208 328 351 108 328 133 347 167 351 498 338 197 120 374 126 133 464 253 123 410 368 462 402 186 425 114 259 413 263 435 150 480 140 422 333 351 452 194 207 165 314 343 400 154 331
196 472 192 342 403 118 415 208 489 494 413 132 426 231 189 420 193 341 331 251 397 223 124 226 312 318 348 310 359 449 0 277 345 244 382 446 317 400 292 245 483 425 442 473 208 388 351 257 398 384 409 270 278 364 127 335 469 292 108 497 480 230 228 352 386 347 190 244 162 414 428 251 177 472 200 401 352 402 280 428 142 162 204 330 285 313 310 217 421 172 339 412 498 109 223 487 159 194 131 167 162 433 423 300 322 229 353 125 419 450 303 459 102 213 389 251 379 224 359 166 302 118 295 378 332 234 332 385 103 147 261 252 248 356 208 414 109 255 439 380 170 124 456 265 338 330 391 230 404 223 109 365 488 310 393 147 144 192 409 132 317 115 212 352 244 413 475 381 490 244 429 380 333 492 459 413 283 307 241 266 488 243 296 255 164 322 279 349 461 351 152 346 245 444 443 112 214 267 499 372 153
277 494 204 188 256 350 467 119 297 413 254 254 144 413 270 339 283 411 355 202 275 152 287 248 200 149 458 235 494 482 277 0 196 248 366 204 413 249 189 241 474 430 153 234 145 420 274 118 140 229 473 478 385 456 171 280 433 203 186 101 275 173 259 480 410 241 388 449 373 309 449 150 281 163 349 271 472 188 258 402 125 207 424 162 140 478 279 113 225 157 471 140 452 357 419 341 477 208 197 314 371 370 349 235 250 264 113 136 453 329 360 227 358 163 127 227 174 126 277 419 124 180 207 182 112 274 434 174 185 208 184 240 200 440 393 434 450 241 326 287 430 244 303 498 364 119 184 226 361 253 136 182 359 306 273 436 269 453 125 260 484 493 197 386 333 242 103 332 229 301 198 121 417 166 248 201 198 478 219 376 348 394 391 405 300 181 193 239 485 408 247 276 425 236 472 480 281 308 167 408 306
289 194 236 309 136 180 103 122 447 228 488 279 402 143 169 415 262 120 301 325 262 130 468 150 129 457 121 354 479 352 345 196 0 192 453 463 358 311 234 355 124 371 335 354 104 168 357 137 246 445 454 271 460 453 336 428 424 241 280 259 396 304 499 413 245 139 229 492 396 480 159 428 297 211 263 253 359 435 465 216 199 316 444 204 319 284 134 123 452 188 498 479 278 133 173 185 256 391 125 152 303 284 210 147 135 180 127 185 238 391 124 252 371 244 424 213 151 488 191 408 362 115 107 245 426 182 342 400 180 300 137 467 237 218 112 277 223 331 460 129 363 387 403 381 401 369 273 275 369 452 135 429 393 450 427 378 451 377 228 478 179 340 185 316 110 227 210 309 480 106 113 475 420 235 122 481 134 254 156 214 113 397 283 436 354 334 164 156 100 186 309 107 333 380 431 329 250 302 227 329 161
420 142 229 258 302 319 439 152 286 154 471 332 344 326 498 145 252 159 417 468 166 494 353 162 357 188 100 149 217 383 244 248 192 0 259 318 292 409 105 482 470 372 199 348 498 306 448 443 120 146 442 389 490 452 240 171 371 250 193 424 417 104 104 390 396 186 399 330 161 199 170 258 241 334 364 408 474 135 305 393 235 202 116 278 114 232 442 499 285 301 252 218 489 401 271 469 289 448 331 143 312 172 239 499 244 173 106 417 389 382 482 350 163 306 301 145 213 396 318 393 459 149 195 157 373 124 473 188 408 263 130 475 499 459 402 339 430 486 329 422 186 314 442 189 409 207 357 182 500 478 182 390 263 334 181 164 323 148 454 127 371 325 313 160 483 352 413 277 255 364 357 346 469 498 175 163 329 173 401 199 449 381 301 418 108 274 226 412 181 358 397 401 453 233 276 232 365 407 413 469 268
309 111 211 251 150 336 192 323 187 316 373 128 128 277 412 102 187 345 268 374 175 218 210 320 196 165 337 361 305 262 382 366 453 259 0 367 164 193 484 498 328 284 364 234 309 272 286 408 418 229 186 479 305 163 121 180 443 451 381 368 286 299 484 198 311 308 443 134 432 225 278 301 178 401 450 429 136 165 144 106 282 420 186 226 379 212 190 211 260 266 208 314 239 234 243 212 240 422 297 439 207 405 498 126 144 498 273 108 336 118 399 104 272 465 451 342 403 345 412 241 186 176 286 245 220 473 443 421 476 342 289 288 176 173 142 175 431 481 182 438 202 172 433 206 490 434 375 414 365 378 349 208 441 367 352 142 464 499 465 387 367 324 223 340 413 424 159 104 247 472 500 352 100 388 305 395 149 287 464 394 232 488 424 140 420 332 164 403 304 328 497 413 496 486 498 474 100 483 433 317 488
207 454 250 368 271 327 479 241 394 299 117 490 434 394 125 321 116 283 219 430 288 247 231 437 440 203 101 313 280 308 446 204 463 318 367 0 441 174 471 357 356 396 442 383 268 474 321 109 132 213 367 385 449 410 430 126 157 414 490 449 274 110 439 320 141 312 133 457 253 485 267 421 324 137 150 377 240 210 261 139 354 178 319 220 354 158 196 327 189 436 329 303 282 345 244 229 428 115 444 372 255 352 225 241 111 288 126 351 252 374 151 166 323 302 218 469 130 224 380 115 195 260 450 227 457 458 243 313 309 303 403 119 178 235 269 178 302 232 278 131 231 187 398 270 334 151 403 190 226 386 495 142 262 462 181 299 463 302 309 182 250 377 223 113 152 298 171 104 307 198 181 488 143 426 193 239 387 444 297 327 109 249 342 379 259 442 247 450 148 481 169 376 472 173 300 451 133 239 492 474 314
306 416 304 298 352 456 357 438 161 233 305 494 364 402 433 224 405 265 333 462 249 235 382 285 284 200 393 159 319 329 317 413 358 292 164 441 0 196 104 188 459 199 474 287 439 229 292 344 372 295 143 424 154 321 282 433 107 342 376 236 493 175 368 280 142 107 115 296 145 463 162 304 419 428 366 282 481 168 102 475 411 365 421 491 392 167 194 134 235 366 263 455 405 258 140 136 248 355 280 228 244 480 431 394 288 189 166 439 232 429 211 321 126 181 111 356 190 181 400 447 284 260 359 180 162 157 427 245 212 101 273 145 119 275 193 380 105 297 413 312 361 290 108 213 204 175 311 368 487 352 466 429 239 135 326 478 259 337 115 255 469 303 170 282 442 198 231 170 208 110 222 285 358 186 308 201 355 430 122 428 341 152 188 335 278 185 112 260 443 465 387 400 227 458 107 264 338 314 299 134 278
336 280 300 296 429 317 363 453 227 123 364 428 129 196 240 420 316 318 202 152 350 241 418 120 381 249 204 153 256 324 400 249 311 409 193 174 196 0 472 225 464 447 340 398 471 141 461 455 398 417 199 196 435 441 305 230 400 233 408 261 216 400 477 141 282 366 482 276 383 410 359 150 377 404 472 434 368 465 187 434 131 226 255 354 425 395 153 252 257 156 241 321 440 446 328 105 365 196 374 457 321 183 455 413 275 337 404 146 247 442 216 151 469 163 129 495 144 271 450 238 257 211 240 392 405 487 451 304 491 450 384 489 211 405 282 372 141 294 453 202 296 281 217 371 367 459 216 489 333 191 327 349 113 462 277 368 370 324 477 359 438 201 118 152 364 388 455 241 224 188 403 372 155 307 308 299 300 179 492 132 197 258 101 115 332 358 169 374 463 290 262 137 138 335 472 450 250 233 493 159 250
384 383 233 299 326 348 410 207 125 148 270 451 303 448 384 180 110 407 379 279 292 162 130 498 336 358 362 477 279 317 292 189 234 105 484 471 104 472 0 156 310 155 188 382 233 264 448 293 449 152 481 429 301 393 398 484 153 452 402 274 413 391 426 374 408 286 318 343 205 274 440 308 398 326 177 328 309 343 480 232 450 173 426 476 357 444 187 458 376 289 119 273 344 446 244 476 244 308 299 145 259 390 421 363 139 232 109 209 295 214 467 296 364 139 485 430 133 414 322 451 354 390 311 146 181 202 230 228 456 422 453 476 323 298 362 492 318 177 415 235 209 182 478 486 245 415 380 347 481 454 444 101 369 300 117 157 255 457 177 476 152 180 322 272 201 246 499 438 354 149 173 262 394 437 320 444 212 258 426 252 403 394 208 286 274 125 449 390 243 307 370 300 494 468 119 238 442 420 376 417 124
241 173 270 394 334 401 370 192 430 252 137 134 416 398 291 460 379 348 210 441 239 347 473 445 321 181 196 226 379 400 245 241 355 482 498 357 188 225 156 0 289 334 281 119 345 445 308 327 207 226 149 429 449 425 362 258 359 307 458 114 335 292 260 101 123 395 176 330 395 448 360 392 111 350 142 279 380 322 146 468 219 383 443 319 175 215 149 349 362 146 281 211 419 451 265 456 359 475 381 288 184 449 122 238 224 280 458 215 272 268 149 420 324 358 133 182 216 131 321 117 194 379 262 262 331 359 138 302 365 435 450 313 422 473 106 138 214 192 182 459 229 142 354 220 186 176 332 134 405 445 200 279 119 318 383 323 329 395 433 440 239 440 134 487 319 203 494 494 467 388 195 249 488 315 178 134 380 275 119 260 435 407 127 336 383 275 302 371 347 157 342 475 476 324 118 385 158 154 426 106 161
292 181 114 464 486 485 439 135 486 104 433 179 222 368 417 467 140 436 425 165 496 309 431 118 165 301 267 340 183 417 483 474 124 470 328 356 459 464 310 289 0 445 470 427 372 365 252 232 134 468 331 426 354 442 226 385 322 199 252 148 187 138 340 465 406 465 285 347 362 192 486 352 213 197 274 317 405 373 260 430 434 500 222 407 155 305 267 433 410 152 193 336 433 426 495 419 319 462 268 403 276 453 269 348 113 172 166 427 334 176 447 104 244 467 101 234 308 106 266 101 240 243 405 222 291 345 116 199 440 341 225 270 415 336 109 106 169 265 131 212 326 440 335 214 316 358 230 210 428 333 483 123 454 136 381 289 364 494 358 343 151 333 331 313 244 114 308 473 454 226 282 302 248 354 370 206 468 154 408 471 409 273 417 142 259 480 310 344 118 257 296 105 418 246 231 400 427 433 157 119 238
182 456 472 498 396 446 385 476 363 186 183 280 173 396 394 376 224 118 160 226 181 489 463 413 424 232 476 298 368 181 425 430 371 372 284 396 199 447 155 334 445 0 266 313 248 372 210 454 305 115 466 383 484 280 133 347 203 270 330 308 202 150 385 384 174 167 185 408 314 481 459 313 223 315 438 384 270 454 381 363 164 203 469 104 399 221 270 178 278 376 248 156 455 117 474 260 250 458 127 473 355 152 114 346 152 103 495 468 217 477 246 417 239 320 490 155 388 481 491 360 420 125 474 143 337 472 323 368 175 106 449 313 184 143 110 115 483 217 295 298 213 302 110 352 429 453 409 361 337 418 431 148 297 305 437 107 102 258 117 134 389 282 377 452 497 480 109 223 290 303 412 247 277 243 111 363 101 134 189 164 371 154 218 106 417 373 108 458 199 338 178 144 325 426 145 477 271 214 362 295 247
432 101 236 446 249 230 444 359 461 383 220 249 380 269 358 322 188 378 432 259 393 408 495 129 419 135 463 162 260 297 442 153 335 199 364 442 474 340 188 281 470 266 0 257 114 105 445 349 428 133 402 416 435 392 315 360 459 117 269 117 481 107 150 257 386 346 178 250 324 487 384 407 431 325 464 271 103 131 290 431 280 458 250 289 421 123 121 394 349 220 154 473 332 301 489 259 159 348 477 172 460 168 204 161 261 166 223 408 269 362 258 269 310 143 338 422 127 277 444 489 140 138 305 329 403 399 351 396 435 488 160 438 474 427 131 191 166 159 441 250 378 124 290 406 401 348 364 146 434 180 145 370 406 116 345 335 124 314 270 389 188 109 367 257 306 166 348 497 242 331 374 385 215 210 452 409 124 447 185 482 484 246 115 449 362 180 180 462 213 357 212 353 120 468 254 218 318 218 474 278 344
426 449 223 342 381 447 496 238 236 150 483 196 296 405 327 229 114 370 265 263 314 287 269 405 426 114 497 382 453 161 473 234 354 348 234 383 287 398 382 119 427 313 257 0 277 136 411 442 148 361 142 212 207 265 221 349 439 399 360 434 348 496 286 392 336 308 171 398 252 255 422 392 316 497 498 488 445 318 250 335 330 130 317 370 322 424 328 121 212 101 114 206 476 271 465 389 415 329 449 108 452 431 162 187 340 322 303 422 118 414 108 219 280 264 374 238 413 399 233 160 282 456 473 487 390 355 338 300 414 253 456 488 240 456 318 434 341 444 135 380 344 267 442 419 302 176 340 253 366 156 488 381 169 410 390 289 298 472 272 406 474 273 321 143 236 183 197 452 392 260 192 374 483 107 437 326 475 206 138 196 124 270 106 312 143 412 267 464 176 412 236 276 201 141 228 234 323 396 237 266 336
163 476 365 159 473 353 140 240 397 376 389 311 380 425 428 427 445 407 196 426 222 411 185 394 131 397 336 334 214 226 208 145 104 498 309 268 439 471 233 345 372 248 114 277 0 427 118 427 273 473 275 225 173 157 190 381 332 277 156 418 334 126 306 359 428 322 340 241 126 260 427 198 248 264 294 344 193 230 439 150 159 101 392 281 169 275 441 440 409 272 320 398 319 366 341 195 288 124 408 408 317 337 363 469 411 274 198 406 172 402 177 369 164 371 495 239 162 321 170 156 216 430 101 384 222 194 372 424 154 181 284 205 408 236 452 128 189 180 331 449 426 454 423 127 466 242 218 163 137 215 486 423 254 287 485 131 199 308 154 290 169 107 244 484 391 445 289 120 185 110 395 277 197 275 463 423 371 402 425 127 451 142 313 361 445 249 169 281 302 386 485 219 245 140 393 157 222 183 226 389 226
192 106 190 385 391 133 165 444 411 174 443 297 294 116 346 272 302 142 130 148 268 146 181 417 201 128 140 383 307 461 388 420 168 306 272 474 229 141 264 445 365 372 105 136 427 0 173 435 489 362 310 436 402 413 297 453 143 451 267 255 403 214 485 155 311 174 240 147 327 336 180 238 183 250 170 421 157 370 280 354 181 242 393 289 446 392 240 313 307 395 161 376 176 261 462 144 172 162 293 238 387 355 236 306 486 338 190 387 404 440 281 439 316 417 126 301 305 156 432 382 431 474 496 134 467 221 493 462 458 322 202 487 170 319 166 470 470 237 364 188 118 162 442 110 221 359 137 131 198 427 105 440 426 133 481 476 207 336 380 148 489 308 187 206 368 119 313 495 260 286 281 267 489 223 321 286 486 400 337 131 235 276 110 300 279 192 279 265 157 353 352 221 390 473 372 239 139 202 304 447 480
102 460 126 392 123 228 105 202 474 252 322 262 334 240 434 160 333 470 137 494 447 371 408 299 444 354 244 300 442 140 351 274 357 448 286 321 292 461 448 308 252 210 445 411 118 173 0 246 411 400 389 436 441 411 340 481 212 110 259 134 403 152 451 241 305 216 433 468 271 114 221 412 409 478 249 473 395 437 390 313 234 378 367 228 388 427 180 422 375 487 314 337 170 189 139 191 204 353 380 362 154 295 319 246 455 401 252 339 183 362 381 369 172 226 387 488 349 259 193 371 281 118 170 327 124 293 347 339 418 413 148 180 311 400 314 276 437 362 464 166 479 454 282 355 173 217 168 362 112 110 433 177 494 347 389 147 246 352 338 465 221 319 177 232 169 336 257 292 199 458 500 461 236 107 282 301 324 316 241 455 493 266 183 386 302 377 170 331 457 336 222 500 182 123 277 330 359 169 184 122 424
408 263 438 498 391 289 327 127 413 467 445 126 491 460 485 101 367 428 150 500 112 182 177 387 377 164 131 273 440 267 257 118 137 443 408 109 344 455 293 327 232 454 349 442 427 435 246 0 168 300 105 304 480 430 410 397 346 124 327 356 138 244 292 201 200 386 373 381 327 211 148 100 415 198 463 401 413 223 253 269 486 363 451 305 445 309 497 354 141 218 264 343 180 361 195 305 447 103 305 487 436 270 188 318 346 350 422 271 135 336 149 276 367 430 317 386 233 245 262 127 408 235 295 347 374 373 345 188 402 303 208 382 449 439 354 124 244 490 220 266 180 335 415 357 228 492 128 217 255 150 189 457 357 466 257 274 152 268 173 347 278 344 380 312 126 322 499 293 314 154 248 390 259 471 259 330 450 165 443 332 131 496 454 434 484 166 327 127 340 416 349 403 115 109 328 306 119 324 416 414 463
302 359 312 171 499 297 443 248 472 410 342 148 100 470 478 175 375 493 378 479 407 300 301 137 352 438 187 383 150 170 398 140 246 120 418 132 372 398 449 207 134 305 428 148 273 489 411 168 0 310 467 242 345 190 107 171 225 275 491 275 426 227 354 109 138 126 297 270 259 110 108 385 416 273 109 164 368 250 220 178 211 314 195 273 104 305 271 176 306 172 185 222 443 318 484 337 253 497 328 362 247 452 500 441 424 344 123 110 467 253 341 468 213 320 258 379 120 191 297 410 229 230 484 376 107 157 144 355 112 358 121 483 464 158 496 109 398 453 443 320 423 312 277 140 149 296 199 112 171 317 278 470 166 228 500 204 172 409 290 320 493 254 187 499 204 369 154 155 226 107 291 467 477 186 489 101 480 446 248 148 137 463 255 338 344 482 250 114 336 445 139 124 466 309 447 227 410 377 317 173 283
